
1.Teste

Quadro de Horarios: Matriz (4):

	1	2	3	4	
1	14908128	-1952806520	-1885434468	-1819111024	
2	-404298268	-336926232	-269554196	-202182160	
3	2138996092	-2088599168	-2021227132	-1953855096	
4	-1212762700	-1145390664	-1078018628	-1010646592	

5	1701604453	1634035826	1867718756	1635218534	

6	1883331681	1952531568	1867668577	1852403041	
7	544039282	1701603654	1699372147	1634878068	

2.Teste

0830+0120 = 950
0830+0130 = 1000
0830+0140 = 1010

0830-0120 = 710
0830-0130 = 700
0830-0140 = 650

3.Teste
1
2
3
4
5
6
7
8
9
10
11
12
13
14
15
16
17
18
19
20
21
22
23
24
25
26
27
28
29
30
31
32
33
34
35
36
37
38
39
40

Quadro de Horarios: Matriz (4):

	1	2	3	4	
1	0800	0800	-1885434468	-1819111024	
2	1200	1200	-269554196	-202182160	
3	1300	1330	-2021227132	-1953855096	
4	1700	1730	-1078018628	-1010646592	

5	0000	0000	0000	0000	

6	0000	0000	0000	0000	
7	0000	0000	0000	0000	

4.Teste
3
3

Quadro de Horarios: Matriz (4):

	1	2	3	4	
1	0800	0800	-1885434468	-1819111024	
2	1200	1200	-269554196	-202182160	
3	1300	1330	-2021227132	-1953855096	
4	1700	1730	-1078018628	-1010646592	

5	0100	0130	-1751672936	-1751672976	

6	0800	0800	-1735878520	-1734829928	
7	0000	0230	-15793756	-16842388	
