1.Teste

Quadro de Horarios Matriz (4):

        1       2       3       4
1          0       0       0       0
2          0       0       0       0
3          0       0       0       0
4          0       0       0       0

5          0       0       0       0

6          0       0       0       0
7          0       0       0       0

2.Teste

0830+0120 = 950
0830+0130 = 1000
0830+0140 = 1010

0830-0120 = 710
0830-0130 = 700
0830-0140 = 650

3.Teste

Quadro de Horarios Matriz (4):

        1       2       3       4
1        900     800     900     800
2       1300    1200    1300    1200
3       1400    1250    1400    1330
4       1800    1700    1700    1740

5          0       0       0       0

6          0       0       0       0
7          0       0       0       0

4.Teste

Quadro de Horarios Matriz (4):

        1       2       3       4
1        900     800     900     800
2       1300    1200    1300    1200
3       1400    1250    1400    1330
4       1800    1700    1700    1740

5        100     100     100     130

6        800     800     700     740
7          0      10    -100     -20
