
1
5
5
5
5
5
5
5
5
3
5
5
5
2

5
4
5
2
5
5
5
6

5
6
6

1
5
5
5
5
3
5
2

5
5
5
5
6
6

5
6
6
6

1
5
5
5
5
5

4
5
2
5
5
5
5
5
6
6
6

1
5
5
5
5
5
3
5

5
2
5
5
5
5
5
6
6
6

1
5
5
5
5
5
4
5
1

5
3
5
5
5
2
5
5
5
5
5
5
5
5

7
7
7
7
7
7
7
7
7
7
7
7
7
7

4
5
5
5
5
5
5
3


5
5
5
5
5
5

6
6
6
6
6
6
6
6
6
6


1
5
5
5
5
5
5
5
5
4
5
5
5
2

5
4
5
2
5
5
5
5
5
7

1
5
5
5
5
5
3
5
2

5
5
5
5
5
7

1
5
5
5
5
5
3
5
2

5
5
5
5
5
7

1
5
7
7

5
5
5
5
4
5
2

5
5
5
5
7
7

1
5
5
5
5
3
5
2

5
5
5
7
7
7

1
5
5
5
4
5
1
5

4
5
5
5
2
5
5
5
5
5
5
5
5
3


0


